249530,0,42.398749,7.115402943,35.4253206,0.999531994,-0.027796111,0.012773746,0.027431228,0.999234164,0.027903632,-0.013539576,-0.027540174,0.999528998
249534,0,42.43631856,6.999936501,35.63941725,0.9994833,-0.028960219,0.013944156,0.028567574,0.999211336,0.027578972,-0.014731851,-0.027166371,0.999522366
249560,0,42.39863537,7.132430316,35.44998879,0.999537986,-0.027793805,0.012301147,0.027447389,0.999245272,0.027486867,-0.013055827,-0.027136534,0.999546474
249560,0,42.3608756,7.118900867,35.45643436,0.999540298,-0.027717235,0.01228605,0.027372812,0.999250601,0.027367242,-0.013035388,-0.027018358,0.999549942
249590,0,42.43680829,7.113395136,35.49527502,0.999551574,-0.02737481,0.012135501,0.027029432,0.999248981,0.027764788,-0.012886443,-0.027424322,0.999540818
249590,0,42.35221138,7.029081833,35.64880754,0.999500518,-0.028560976,0.013527177,0.028182268,0.99922707,0.027404801,-0.014299429,-0.027009886,0.999532887
249620,0,42.34862449,7.092261391,35.47724889,0.999543619,-0.027648425,0.012170361,0.027314632,0.999267894,0.026787819,-0.012902092,-0.026443164,0.999567054
249621,0,42.40703852,6.961318398,35.72623067,0.999477069,-0.02917792,0.013936942,0.028787332,0.999208617,0.027448669,-0.014726808,-0.027033107,0.999526054
249650,0,42.34444293,7.089657614,35.48358909,0.9995372,-0.027806886,0.012335418,0.027451347,0.999227779,0.028111719,-0.013107592,-0.027760085,0.999528673
249650,0,42.42300996,6.962730774,35.70070427,0.999489809,-0.028814994,0.013777418,0.028437956,0.999235668,0.026820937,-0.014539732,-0.026415452,0.999545307
249680,0,42.39340828,7.039574939,35.66566227,0.999503452,-0.028657999,0.013098399,0.028307343,0.999255456,0.026215019,-0.013839917,-0.025831221,0.99957051
249680,0,42.39445904,7.106928214,35.49995286,0.999542817,-0.027699386,0.012120294,0.027365458,0.999263485,0.026900188,-0.012856486,-0.026556213,0.999564644
249710,0,42.38383423,7.095462068,35.56815991,0.999538168,-0.027751447,0.012381764,0.027435533,0.999311067,0.024993657,-0.013066844,-0.024642414,0.999610929
249710,0,42.3370763,7.116113395,35.49130953,0.999531806,-0.028074069,0.012166147,0.027727418,0.999229381,0.027781919,-0.012936723,-0.027431576,0.999539969
249740,0,42.37956958,7.099572259,35.50268693,0.999547684,-0.027610395,0.011920312,0.027278899,0.999259651,0.027129547,-0.012660544,-0.026792103,0.99956085
249740,0,42.40505481,7.108355565,35.50078011,0.999542764,-0.027761064,0.01198277,0.027421782,0.999242692,0.027605961,-0.012740067,-0.02726475,0.999547059
249770,0,42.40856625,7.119448223,35.47654663,0.999540217,-0.027853546,0.011980588,0.027503426,0.999216544,0.028458031,-0.012763859,-0.028115439,0.999523189
249770,0,42.39352998,7.118890021,35.46450751,0.999538194,-0.027858038,0.012137884,0.027511797,0.999234413,0.027815258,-0.012903469,-0.027468478,0.999539386
249800,0,42.28757076,7.105493042,35.39865988,0.999518907,-0.02814646,0.013028126,0.02776084,0.999197045,0.028889454,-0.013830801,-0.028513884,0.999497708
249800,0,42.40358466,7.121989776,35.47256429,0.999547775,-0.027647372,0.011826568,0.027316588,0.999254746,0.027271909,-0.012571751,-0.026936514,0.99955809
249830,0,42.41017653,7.094734054,35.46787863,0.999539087,-0.027773579,0.012257293,0.027427018,0.999242991,0.027589929,-0.013014286,-0.027241031,0.999544173
249830,0,42.42508655,6.981534311,35.63715284,0.999489875,-0.028816213,0.013770112,0.0284328,0.999223594,0.027272428,-0.014545309,-0.026866993,0.99953319
249860,0,42.36031542,7.024179884,35.64684479,0.999496258,-0.028710517,0.013525401,0.028348373,0.999253474,0.026246237,-0.014268847,-0.025849592,0.999564004
249860,0,42.39838675,7.109896233,35.47923067,0.999538095,-0.027861194,0.012138772,0.027510564,0.999224984,0.028153162,-0.012913745,-0.027806213,0.999529914
249890,0,42.42595615,6.955600231,35.67812823,0.999484626,-0.029102877,0.013546372,0.028740337,0.99924272,0.026229355,-0.014299463,-0.025826509,0.999564163
249890,0,42.40894791,7.097370159,35.49011193,0.999548967,-0.027468235,0.012139128,0.027127353,0.999256227,0.027406193,-0.012882899,-0.02706453,0.99955067
249920,0,42.39251395,6.939808055,35.62521359,0.999508948,-0.028371603,0.013300912,0.028016087,0.999264228,0.026193537,-0.014034278,-0.025808035,0.999568399
249920,0,42.44318882,6.927371216,35.66374091,0.999498327,-0.028808731,0.013158718,0.02846358,0.999264285,0.025704334,-0.013889546,-0.025316895,0.999582981
249950,0,42.39405851,6.976396845,35.62500866,0.999482863,-0.029127303,0.013623776,0.028760652,0.999238284,0.026375692,-0.014381652,-0.025970224,0.999559261
249950,0,42.4050615,7.084340697,35.46754201,0.999550139,-0.027553438,0.011846033,0.027240106,0.999294771,0.025844498,-0.012549783,-0.025510184,0.999595785
249980,0,42.37412962,6.94825787,35.74732801,0.999504016,-0.028467102,0.013466454,0.028145126,0.999327024,0.023523426,-0.014127035,-0.023132744,0.999632584
249980,0,42.41407977,7.049916565,35.48281402,0.999551432,-0.027429067,0.012024163,0.02709946,0.999274295,0.02676757,-0.012749646,-0.026429714,0.999569366
250010,0,42.46259615,6.864021563,35.74130499,0.999484701,-0.029106553,0.013532949,0.028788021,0.999317086,0.023164872,-0.014197957,-0.022763349,0.999640059
250010,0,42.3826907,6.927065625,35.63854533,0.999493345,-0.028885248,0.013367748,0.028538689,0.999269225,0.02542754,-0.014092459,-0.025033159,0.999587287
250040,0,42.37671491,7.049048883,35.46067233,0.999557932,-0.02730844,0.011755376,0.026999509,0.999305493,0.025681875,-0.012448543,-0.025353132,0.999601047
250040,0,42.45740011,6.898604901,35.64252848,0.999510035,-0.028292592,0.013387279,0.027939423,0.999274783,0.025870766,-0.014109522,-0.025484057,0.999575652
250070,0,42.3565484,6.977664305,35.59576856,0.999509189,-0.028447708,0.013119023,0.028120071,0.999303853,0.024516738,-0.013807335,-0.024135797,0.999613336
250071,0,42.37536842,6.973074426,35.58418888,0.999508424,-0.028289324,0.013513894,0.027933222,0.999275488,0.025850231,-0.014235388,-0.025460037,0.99957448
250100,0,42.41199319,6.929623863,35.62810831,0.999489999,-0.028875784,0.013635651,0.028527187,0.999277769,0.025102597,-0.01435066,-0.024700808,0.999591881
250100,0,42.43021237,6.988880472,35.55148407,0.999512887,-0.028150723,0.013473165,0.027802824,0.999292003,0.02534751,-0.014177176,-0.02496057,0.999587904
250130,0,42.4281166,6.929723911,35.59217387,0.99948777,-0.028868527,0.013813278,0.028523311,0.999291167,0.024567972,-0.014512727,-0.024161388,0.999602725
250130,0,42.45373086,6.937054488,35.61175904,0.999481853,-0.028761418,0.014450119,0.028374834,0.999251802,0.026281269,-0.015195194,-0.025857632,0.999550143
250160,0,42.47949869,7.055757145,35.38159556,0.999546463,-0.027347864,0.012608077,0.02700771,0.999286482,0.02640286,-0.013321142,-0.026050371,0.999571871
250160,0,42.48132339,7.054595794,35.41315982,0.999535765,-0.027670068,0.012752313,0.027326434,0.999278523,0.026376125,-0.013472941,-0.026015405,0.999570747
250190,0,42.53113101,7.025974248,35.45592362,0.999536077,-0.027541757,0.01300315,0.027220089,0.999334104,0.024298468,-0.013663714,-0.023933248,0.999620179
250190,0,42.51293239,7.063421389,35.37158119,0.999532194,-0.027496814,0.013390975,0.027131428,0.99927408,0.026743215,-0.014116608,-0.026367388,0.999552641
250220,0,42.47942019,7.050160074,35.35545559,0.999531728,-0.027582388,0.013249024,0.027226421,0.999282321,0.026335611,-0.013965914,-0.025962555,0.999565355
250220,0,42.53767529,6.891302476,35.54118965,0.999473002,-0.028876635,0.0148276,0.028482539,0.999252567,0.026135262,-0.015571216,-0.025699161,0.999548443
250250,0,42.50358858,7.074842102,35.33358546,0.999531448,-0.02770813,0.013005568,0.027361045,0.999283599,0.026146927,-0.013720734,-0.02577883,0.999573506
250250,0,42.59644795,6.662134948,35.64364708,0.999392451,-0.031073467,0.015785066,0.030645292,0.999174202,0.026679215,-0.016601046,-0.026179268,0.99951941
250280,0,42.61327106,6.915368885,35.59126198,0.999468009,-0.028787659,0.015328745,0.028388949,0.99926852,0.025622126,-0.016055133,-0.025173328,0.999554169
250280,0,42.53912661,7.073045546,35.32002711,0.99952089,-0.027628726,0.01395147,0.027254553,0.999281625,0.026332928,-0.014668993,-0.02594007,0.999555868
250310,0,42.49556464,7.040647731,35.2936245,0.999509111,-0.027842191,0.014364872,0.027440086,0.999245977,0.027468521,-0.015118825,-0.027060863,0.99951945
250310,0,42.6264696,6.825393863,35.50558566,0.999459905,-0.029004304,0.015448273,0.028574716,0.999217741,0.02733848,-0.016229122,-0.026882285,0.999506858
250340,0,42.6148585,6.858764563,35.60745927,0.999460946,-0.028761081,0.015830894,0.028383941,0.999319563,0.023553391,-0.016497543,-0.023091351,0.999597229
250340,0,42.60618444,6.908608424,35.53997683,0.999462544,-0.028705282,0.0158313,0.028282925,0.999254266,0.026286642,-0.016574059,-0.025824759,0.99952908
250370,0,42.54673768,6.951512587,35.43491044,0.999479463,-0.028301074,0.015487143,0.027881672,0.999255714,0.026657641,-0.016230056,-0.026211957,0.999524646
250370,0,42.59398674,7.020042444,35.29662918,0.999521189,-0.027403112,0.014368793,0.027011636,0.999276725,0.026765603,-0.015091861,-0.026364662,0.999538464
250400,0,42.65272406,6.868372537,35.46485145,0.99946045,-0.028881328,0.015642207,0.028457546,0.999239175,0.026669069,-0.016400544,-0.026209541,0.999521927
250400,0,42.56820427,6.940496675,35.49369113,0.999473941,-0.028386472,0.015685965,0.02797566,0.999275179,0.025816272,-0.016407429,-0.025363866,0.999543631
250430,0,42.61406508,6.859393817,35.48376328,0.999475268,-0.028318308,0.015724591,0.027886524,0.999245548,0.027031024,-0.0164782,-0.026578335,0.999510911
250430,0,42.59150161,6.893747457,35.49305308,0.999457242,-0.028799743,0.015993652,0.028364955,0.999238918,0.026777113,-0.016752654,-0.026308921,0.999513476
250460,0,42.63536572,6.891227948,35.51093427,0.999456257,-0.028863378,0.015940409,0.028431035,0.999238735,0.026713804,-0.016699325,-0.026246076,0.999516021
250460,0,42.58427057,6.923732279,35.47461061,0.999465559,-0.02854993,0.015921642,0.028115504,0.999243412,0.026872342,-0.016676799,-0.026410335,0.99951207
250490,0,42.59005984,6.967819264,35.40709983,0.999505648,-0.027764896,0.014750275,0.027388411,0.999308676,0.025140523,-0.015438102,-0.024724108,0.999575101
250490,0,42.573774,7.004666584,35.30596187,0.999512963,-0.027579765,0.014601171,0.027183043,0.999273689,0.026705357,-0.015327094,-0.026295446,0.999536708
250520,0,42.5815586,6.980354673,35.3230215,0.999524022,-0.027227135,0.014505582,0.026820031,0.999260373,0.027557067,-0.015245153,-0.02715491,0.99951498
250520,0,42.65919174,6.803202635,35.4777566,0.999465204,-0.029096558,0.014922982,0.028714258,0.999269386,0.025222727,-0.015645974,-0.024780735,0.999570467
250550,0,42.46874034,7.003838255,35.25721008,0.999520109,-0.027202656,0.014817798,0.026799643,0.99928287,0.026749298,-0.015534824,-0.026339349,0.999532345
250550,0,42.62550929,6.902656172,35.53097741,0.999465859,-0.028669833,0.015685555,0.028254246,0.99925986,0.026104212,-0.016422349,-0.025647085,0.999536159
250580,0,42.62034502,6.8545816,35.65418647,0.999449251,-0.029090608,0.015966582,0.028719151,0.9993224,0.02302069,-0.016625448,-0.022549465,0.999607481
250580,0,42.53583884,7.004023085,35.35085153,0.999509055,-0.027776561,0.014495244,0.027380019,0.999263809,0.026873308,-0.015231021,-0.026463235,0.999533748
250610,0,42.58685887,6.870616166,35.53507906,0.99945478,-0.028841159,0.016072673,0.028406555,0.999241343,0.026642187,-0.016828871,-0.026171092,0.999515814
250610,0,42.5536242,7.029910224,35.38879867,0.999522767,-0.027535021,0.014002189,0.027163242,0.999290681,0.026082441,-0.014710438,-0.025689649,0.999561726
250640,0,42.55385675,6.859952051,35.65442169,0.999451651,-0.029001061,0.015979251,0.028618392,0.999309942,0.023677567,-0.016654898,-0.023207283,0.999591935
250640,0,42.57274856,6.858184719,35.36901153,0.999478958,-0.029006946,0.014156598,0.028621881,0.999234071,0.026684426,-0.014919789,-0.026265334,0.999543662
250670,0,42.62201502,6.974195152,35.4980808,0.999513656,-0.02784554,0.014038447,0.027498552,0.999325663,0.02433207,-0.01470652,-0.0239342,0.999605358
250671,0,42.50171705,7.014034622,35.40051254,0.999509955,-0.027910152,0.014172972,0.027539,0.999289277,0.025739956,-0.014881305,-0.025337032,0.999568198
250700,0,42.54131808,6.857383112,35.64823556,0.999477105,-0.028629251,0.015029373,0.028281687,0.999338792,0.022850052,-0.015673615,-0.022413048,0.999625927
250700,0,42.53070866,6.98956989,35.4947652,0.999516432,-0.027737686,0.01405431,0.027388478,0.999325601,0.024458424,-0.014723252,-0.024061671,0.999602052
250730,0,42.51811406,6.997400104,35.43151924,0.999522995,-0.027603422,0.013850373,0.027243268,0.999302236,0.025550856,-0.014546,-0.025161339,0.999577571
250730,0,42.50200756,7.006532234,35.40534746,0.999523439,-0.027612714,0.013799724,0.027260683,0.999313732,0.025078292,-0.014482733,-0.024690151,0.999590239
250760,0,42.55546718,7.005688537,35.4089376,0.999528873,-0.02744898,0.01373268,0.027088559,0.999300636,0.025776922,-0.014430626,-0.025392779,0.999573391
250760,0,42.52478176,6.977894647,35.5241258,0.99952317,-0.027593574,0.013857369,0.02726502,0.999355166,0.023363884,-0.014493126,-0.022974922,0.999630983
250790,0,42.47293043,7.002849451,35.5496889,0.999488034,-0.028248694,0.01502266,0.027869337,0.999301675,0.024888984,-0.01571525,-0.02445757,0.99957734
250790,0,42.59053053,6.686801999,35.65382823,0.999404126,-0.030560313,0.016045581,0.030135226,0.999205076,0.026097591,-0.016830377,-0.025598503,0.999530617
250820,0,42.46167983,6.900635571,35.5548393,0.999439324,-0.029409696,0.016003332,0.028986675,0.999240229,0.026052588,-0.016757372,-0.025574097,0.999532469
250820,0,42.59295678,6.896081094,35.57320448,0.999475873,-0.028690876,0.014993774,0.028309563,0.999285196,0.025053241,-0.015701856,-0.024615643,0.99957367
250850,0,42.55550471,7.010515832,35.44676005,0.999530786,-0.027246029,0.013995049,0.026878715,0.999305818,0.025795691,-0.014688164,-0.025407418,0.999569268
250850,0,42.54765847,6.86445507,35.62613937,0.99945622,-0.029022396,0.015651354,0.028627292,0.999279891,0.024903365,-0.016362839,-0.024441768,0.999567335
250880,0,42.54162586,7.022629709,35.44566934,0.999533467,-0.027214721,0.01386385,0.0268612,0.999324568,0.025077567,-0.014536965,-0.024693468,0.99958937
250880,0,42.45916319,6.826373918,35.58916645,0.999476388,-0.02825498,0.015767263,0.027876386,0.999329537,0.023735715,-0.016427343,-0.023283752,0.999593922
250910,0,42.5476952,7.016499254,35.37884464,0.999521569,-0.02757881,0.014001519,0.02721557,0.999304229,0.025502366,-0.014695102,-0.025109105,0.999576704
250910,0,42.54245461,6.999670407,35.41715827,0.999524951,-0.027494209,0.013926293,0.027127553,0.999297268,0.025866313,-0.01462768,-0.025476239,0.999568403
250940,0,42.54989079,7.006230191,35.42869948,0.999524755,-0.027318716,0.014281203,0.02693994,0.999296939,0.026074282,-0.014983479,-0.025677156,0.999557992
250940,0,42.54855937,6.899013146,35.55864221,0.999454415,-0.028672225,0.016394374,0.028242862,0.99926686,0.025847306,-0.017123455,-0.02537018,0.999531461
250970,0,42.61241911,6.838806608,35.65218538,0.999461348,-0.028563072,0.016160607,0.028170447,0.999314439,0.024022441,-0.016835682,-0.02355425,0.999580791
250970,0,42.60012873,6.979603404,35.45839966,0.999519498,-0.027448734,0.01439932,0.027099467,0.99934664,0.023914671,-0.015046339,-0.023512966,0.999610298
251000,0,42.58813501,6.945953523,35.46184012,0.999522934,-0.027318111,0.014409234,0.026963922,0.999342775,0.024227362,-0.015061609,-0.023827275,0.999602625
251000,0,42.65383297,6.646378882,35.61970575,0.999389571,-0.030530626,0.016981336,0.030076144,0.999198799,0.026404278,-0.01777387,-0.025877427,0.999507103
251030,0,42.53218022,7.040020777,35.35253608,0.99949818,-0.027968102,0.014871931,0.027552579,0.99924347,0.027447101,-0.015628323,-0.027023567,0.999512622
251030,0,42.60909645,6.845708747,35.42448136,0.999480846,-0.028596002,0.014842737,0.028188787,0.999239113,0.026955284,-0.015602256,-0.026522891,0.999526441
251060,0,42.51088737,6.952831088,35.39023579,0.999521585,-0.027131454,0.01484873,0.026756184,0.99933149,0.02491343,-0.015514741,-0.024504216,0.99957933
251060,0,42.56716232,7.038502382,35.38019861,0.999516574,-0.027534954,0.014437624,0.027159805,0.99930411,0.025566384,-0.015131546,-0.025161902,0.999568865
251090,0,42.59154584,6.879768769,35.51153719,0.999466145,-0.02837841,0.016189221,0.027953961,0.999274448,0.025868002,-0.016911568,-0.025401639,0.999534269
251090,0,42.59729635,6.985574104,35.41857055,0.999519457,-0.02732041,0.014644096,0.026952792,0.99933054,0.02473901,-0.015310172,-0.024332423,0.999586681
251120,0,42.60582417,6.860147939,35.65278204,0.999450669,-0.028983056,0.016073074,0.028604231,0.999318798,0.023318186,-0.016737957,-0.022845619,0.999598879
251120,0,42.60542255,6.880018271,35.54183551,0.999454152,-0.028728253,0.016312158,0.028291063,0.999250313,0.0264278,-0.017059154,-0.025951886,0.999517626
251150,0,42.43719813,7.017741847,35.28445284,0.999521258,-0.027087721,0.014950255,0.026690788,0.999301905,0.026140106,-0.015647894,-0.025728558,0.99954649
251150,0,42.60887961,6.891485801,35.55288351,0.999460142,-0.028722433,0.015951386,0.028288111,0.999240032,0.026816813,-0.016709508,-0.026351101,0.999513087
251180,0,42.54492978,6.948586429,35.49869736,0.999460217,-0.028474352,0.016385528,0.028020078,0.99923406,0.0273161,-0.017150786,-0.026842231,0.999492544
251180,0,42.51377058,6.969660677,35.50542878,0.999459778,-0.028625393,0.016147421,0.028194986,0.999256905,0.026280816,-0.01688772,-0.025811342,0.999524177
251210,0,42.46418894,6.954998772,35.56354453,0.999448262,-0.028953759,0.016274275,0.028529481,0.999261887,0.025724518,-0.017007085,-0.025246029,0.999536591
251210,0,42.59505216,7.056104104,35.37484995,0.999515781,-0.027416441,0.014715364,0.027014172,0.999273785,0.0268726,-0.015441428,-0.026462064,0.999530551
251240,0,42.53074989,6.973304203,35.50027817,0.999448784,-0.028848427,0.016428552,0.028400845,0.999235805,0.026855115,-0.017190725,-0.026373727,0.99950433
251240,0,42.57384237,6.93816048,35.61249667,0.999453443,-0.028638157,0.016512752,0.028215863,0.999282555,0.025263428,-0.017224403,-0.024783698,0.99954444
251270,0,42.52548489,6.992600073,35.49039796,0.9994479,-0.028828718,0.016516657,0.028375945,0.999232035,0.02702121,-0.01728296,-0.026537616,0.999498401
251270,0,42.57252078,7.043604862,35.49855635,0.999467192,-0.028260409,0.016330391,0.027809134,0.999242299,0.027230119,-0.017087552,-0.026761476,0.999495792
251300,0,42.56922654,7.089075141,35.36531182,0.999500143,-0.02770491,0.015228342,0.027276977,0.999246131,0.027624937,-0.015982208,-0.027195746,0.999502356
251300,0,42.56001792,7.093217808,35.35268121,0.999500096,-0.027656829,0.015318529,0.027226652,0.999247841,0.027612709,-0.016070687,-0.027181833,0.999501316
251330,0,42.47086879,7.138135803,35.3401623,0.999471837,-0.028527612,0.015563491,0.02806892,0.999187125,0.028934855,-0.016376283,-0.028482723,0.99946013
251330,0,42.46435245,7.108961569,35.30197506,0.999484954,-0.028056716,0.015577169,0.027589806,0.999186285,0.029420595,-0.016389939,-0.028975671,0.999445737
251360,0,42.56131021,7.085483109,35.34113845,0.99950264,-0.027754864,0.014971299,0.027329717,0.999237287,0.027891413,-0.015734003,-0.027468379,0.999498839
251360,0,42.56882882,6.918675653,35.67612787,0.99943455,-0.029126536,0.016799547,0.028696772,0.999268455,0.025279422,-0.01752356,-0.024783035,0.999539257
251390,0,42.53677658,6.981396497,35.63890244,0.999447518,-0.028810273,0.016571893,0.028373762,0.999259228,0.025998558,-0.017308642,-0.025513987,0.999524611
251390,0,42.58443582,6.954985101,35.55736853,0.99944766,-0.028840591,0.016510478,0.028375889,0.999212889,0.027720229,-0.01729695,-0.027236419,0.999479361
251420,0,42.54327922,7.018947256,35.4983799,0.999456264,-0.028619768,0.016373321,0.028159985,0.999220821,0.02765441,-0.017152026,-0.027178301,0.999483441
251420,0,42.62184262,6.944387952,35.59587665,0.999434074,-0.029186138,0.016724248,0.028713441,0.99919993,0.027839524,-0.017523395,-0.027343558,0.999472491
251450,0,42.53414093,7.087907536,35.41076241,0.999499194,-0.02775307,0.015202915,0.027319788,0.999234455,0.028002371,-0.015968429,-0.027573007,0.99949224
251450,0,42.56046861,7.038007316,35.46709146,0.99950027,-0.027860231,0.014933812,0.027457436,0.999270844,0.026530553,-0.01566207,-0.026107251,0.999536448
251480,0,42.55651201,7.065554706,35.38587464,0.99950965,-0.027545589,0.014889622,0.027132968,0.999260677,0.027237858,-0.015628897,-0.026820503,0.999518083
251480,0,42.60498485,6.936423826,35.59921448,0.999447415,-0.028821013,0.016559398,0.028375108,0.999244439,0.026559444,-0.017312356,-0.026074893,0.999510071
251510,0,42.54724697,6.969050811,35.56067412,0.999460283,-0.028435963,0.016448086,0.027989317,0.999249542,0.026775954,-0.017197143,-0.026301132,0.999506132
251510,0,42.55728704,7.104449611,35.38454877,0.999502565,-0.02769346,0.015089592,0.027264439,0.999237942,0.02793182,-0.015851622,-0.027506517,0.999495932
251540,0,42.58376608,7.069732396,35.39409817,0.999514224,-0.027316121,0.015004831,0.02688888,0.99924696,0.027973215,-0.015757652,-0.027556163,0.99949605
251540,0,42.55382914,7.043698468,35.44270204,0.999502069,-0.027805528,0.014915321,0.027419508,0.999298987,0.0254893,-0.015613608,-0.025067637,0.999563819
251570,0,42.54696428,7.115733029,35.40950358,0.999512606,-0.027505842,0.014764125,0.027099113,0.999266007,0.027075561,-0.015498024,-0.026662269,0.999524354
251570,0,42.58094847,7.108627496,35.38995755,0.999517581,-0.027438752,0.01455059,0.02703325,0.999259801,0.027368851,-0.015290787,-0.026962298,0.999519498
251600,0,42.59360185,6.928073806,35.59903995,0.999449433,-0.028827026,0.016426601,0.028375109,0.999229643,0.027110408,-0.017195459,-0.026629375,0.99949747
251600,0,42.54449338,7.101517205,35.40294626,0.99950979,-0.027415217,0.015119039,0.026989206,0.999251983,0.027695799,-0.015867016,-0.027274172,0.999502055
251630,0,42.63114032,6.961907251,35.60099496,0.999453849,-0.028501907,0.016722594,0.028035835,0.99922932,0.027472875,-0.017492736,-0.026989038,0.999482664
251630,0,42.62270472,6.962326206,35.5688734,0.999461008,-0.028497197,0.016297326,0.028049219,0.999239514,0.027085681,-0.017056798,-0.026613955,0.999500257
251660,0,42.51130222,6.900815375,35.52166142,0.999448518,-0.028506875,0.017029885,0.028044138,0.999246838,0.026819462,-0.017781598,-0.026327083,0.999495222
251660,0,42.64375254,6.950511476,35.64644619,0.999452174,-0.028823136,0.0162659,0.028386995,0.999247384,0.026435676,-0.017015617,-0.025959453,0.999518172
251690,0,42.56894159,6.944797631,35.6805738,0.999466546,-0.028372536,0.01617473,0.027976357,0.999315238,0.024215252,-0.016850703,-0.023749825,0.99957591
251690,0,42.59547826,7.088537394,35.42388053,0.99951774,-0.027421801,0.014571616,0.02700828,0.999247032,0.027855371,-0.015324488,-0.027448383,0.999505751
251720,0,42.54841579,6.909116256,35.55226092,0.999459786,-0.02843467,0.016480481,0.027997739,0.999265553,0.026162593,-0.017212302,-0.025687043,0.999521842
251721,0,42.58485784,7.110383463,35.40906849,0.999529678,-0.027085692,0.014380154,0.026687095,0.99927311,0.027222243,-0.015107034,-0.026825675,0.999525968
251750,0,42.64106086,6.909994822,35.70922409,0.999452381,-0.028761703,0.016361609,0.028340695,0.999275402,0.025406232,-0.01708048,-0.02492862,0.999543306
251750,0,42.56952463,6.941995455,35.62846963,0.999467873,-0.0282891,0.016238756,0.027859392,0.999270934,0.02610469,-0.016965395,-0.025638397,0.999527312
251780,0,42.41980658,6.985940369,35.58347087,0.999481332,-0.027830986,0.016201943,0.027404947,0.999287555,0.025949021,-0.016912587,-0.025491549,0.999531963
251780,0,42.56739144,7.107210055,35.44807766,0.999513573,-0.02736236,0.01496388,0.026943172,0.999257755,0.02753189,-0.01570611,-0.027115324,0.999508918
251810,0,42.45404781,6.956243395,35.60023477,0.999484144,-0.027657398,0.016325288,0.027226635,0.999289968,0.026043637,-0.017033996,-0.025585719,0.999527495
251810,0,42.43078288,6.954340916,35.55393469,0.999490138,-0.027705294,0.015870753,0.027296595,0.999304268,0.025414081,-0.016563816,-0.024967906,0.999551021
251840,0,42.58927268,6.913674764,35.6735959,0.999455157,-0.028562163,0.016540629,0.028112555,0.999245306,0.026804901,-0.017293751,-0.026325297,0.999503829
251840,0,42.53261258,6.960007193,35.66638877,0.999475062,-0.02815615,0.016025999,0.027729771,0.999271172,0.026233262,-0.016752946,-0.025775094,0.99952738
251870,0,42.56948816,7.069398382,35.478261,0.999521243,-0.027194574,0.014755999,0.026783598,0.999266528,0.027368694,-0.015489456,-0.026960373,0.999516491
251870,0,42.58594499,6.950273475,35.68400366,0.999466271,-0.028318888,0.016285353,0.027883208,0.999262907,0.026385005,-0.017020543,-0.025916835,0.999519194
251900,0,42.51688086,6.967664559,35.71229933,0.999472369,-0.028228302,0.01606697,0.027827545,0.999308946,0.024642606,-0.016751486,-0.0241825,0.999567204
251900,0,42.52144282,6.951917283,35.69435474,0.999459422,-0.028668675,0.01609254,0.028279343,0.999313801,0.023920833,-0.016767276,-0.023452816,0.999584326
251930,0,42.61258841,6.923114108,35.70856331,0.99946534,-0.028446197,0.016119789,0.028011674,0.999254432,0.026569285,-0.016863566,-0.026103537,0.999516996
251930,0,42.51714427,6.926898326,35.67802726,0.999471065,-0.028186586,0.016220581,0.027747923,0.999259338,0.026661358,-0.01696006,-0.026197168,0.999512914
251960,0,42.54176545,6.890165079,35.74202376,0.999466953,-0.028369173,0.016155505,0.027968701,0.999308579,0.024497272,-0.016839302,-0.024032365,0.999569349
251960,0,42.56196404,6.9214359,35.68404624,0.999478826,-0.028173307,0.015758833,0.02776403,0.999286298,0.025613554,-0.016469204,-0.025162676,0.9995477
251990,0,42.58232843,6.890662217,35.76372456,0.999465913,-0.028459528,0.01606066,0.02807262,0.999321978,0.023822509,-0.016727748,-0.023358921,0.999587186
251990,0,42.40960064,6.937180912,35.60095783,0.999493213,-0.027571744,0.015909599,0.027163711,0.999310352,0.025317058,-0.016596663,-0.024872064,0.999552866
252020,0,42.49463741,6.974433714,35.67732908,0.999478261,-0.0280932,0.015936692,0.02767303,0.99927885,0.025999683,-0.016655614,-0.025545101,0.999534911
252020,0,42.56767054,6.915561646,35.79251893,0.999465173,-0.028381099,0.016244417,0.027995105,0.99933143,0.023515248,-0.016900945,-0.023047907,0.999591493
252050,0,42.56650658,6.93157421,35.69926413,0.999460997,-0.028543454,0.016216882,0.028112316,0.999260853,0.026219172,-0.016953281,-0.025749145,0.999524671
252050,0,42.57562766,6.899910141,35.69874443,0.999458226,-0.028621155,0.016250667,0.028190514,0.999260781,0.026137819,-0.016986749,-0.025665544,0.999526253
252080,0,42.55972222,7.017986806,35.58187832,0.999517438,-0.027439156,0.01455969,0.027069147,0.999320169,0.025029186,-0.015236572,-0.024622989,0.99958069
252080,0,42.47094224,7.040902076,35.4784492,0.999534906,-0.026717235,0.014702438,0.026331661,0.999319706,0.02582188,-0.015382325,-0.025422731,0.999558437
252110,0,42.47964014,7.006464843,35.56502643,0.999524712,-0.027015314,0.014850012,0.026662559,0.999369162,0.02346029,-0.015474431,-0.023053201,0.999614472
252110,0,42.56780433,6.903989893,35.70250421,0.999470451,-0.028371655,0.015933171,0.027953909,0.999274754,0.025856247,-0.0166552,-0.02539716,0.999538688
252140,0,42.50790574,7.006293131,35.67393118,0.999477529,-0.02818742,0.015815789,0.027775506,0.999284115,0.02568616,-0.016528493,-0.025233448,0.999544937
252140,0,42.55090799,7.041419684,35.65145082,0.999520657,-0.027237462,0.014716519,0.026887447,0.999362674,0.023480008,-0.015346676,-0.023073064,0.999615983
252170,0,42.52006933,7.067158837,35.57756672,0.999531318,-0.02692495,0.014566764,0.026552164,0.999329579,0.025206652,-0.015235686,-0.024808059,0.999576127
252170,0,42.5035966,7.023873557,35.61360248,0.999519965,-0.027262621,0.01471698,0.026895361,0.999335491,0.02460115,-0.015377892,-0.024193522,0.999589013
252200,0,42.59634673,6.898047207,35.72595685,0.999465495,-0.028494416,0.016024755,0.028069523,0.999264066,0.026142473,-0.016757876,-0.025678693,0.999529779
252200,0,42.51861232,7.067804407,35.52719668,0.999524332,-0.027173469,0.014584635,0.026777087,0.999284313,0.026717955,-0.015300217,-0.026314712,0.999536612
252230,0,42.5838472,6.906815746,35.74168436,0.999465188,-0.028397095,0.016215547,0.027967289,0.999266883,0.026144354,-0.016946083,-0.025676867,0.999526652
252230,0,42.53189862,7.068058559,35.54115453,0.999518312,-0.027414497,0.014546117,0.027030332,0.999296946,0.025980264,-0.015248126,-0.025574563,0.99955662
252260,0,42.50951438,7.018986363,35.64866719,0.999512042,-0.027464365,0.014879077,0.027101649,0.999343236,0.024054069,-0.015529935,-0.023639084,0.999599927
252260,0,42.58086998,6.863982363,35.79909486,0.999455044,-0.028816665,0.016100181,0.028430176,0.999313846,0.02373945,-0.016773226,-0.023268782,0.999588527
252290,0,42.5230149,7.017213584,35.69233891,0.999487523,-0.027948841,0.01560621,0.027549604,0.999301831,0.025236262,-0.016300639,-0.024793384,0.999559692
252290,0,42.58299333,6.904280848,35.72927353,0.999466385,-0.028472137,0.016008841,0.028046887,0.999263498,0.026188426,-0.016742691,-0.025725453,0.999528831
252320,0,42.44084082,6.862302676,35.64532556,0.999468776,-0.028095992,0.016516056,0.027665131,0.999285242,0.025761321,-0.01722804,-0.025290717,0.999531677
252320,0,42.56033093,7.044317846,35.53854874,0.99952131,-0.027256528,0.014636715,0.026872714,0.999305648,0.025808492,-0.015330002,-0.02540281,0.999559747
252350,0,42.54082392,6.893782194,35.74558874,0.999444287,-0.028925327,0.016566283,0.028481884,0.999245474,0.026405785,-0.01731758,-0.025919272,0.999514028
252350,0,42.51771144,6.971393076,35.69139891,0.999485474,-0.027849677,0.015911705,0.027432053,0.999288395,0.025887942,-0.016621353,-0.025438131,0.999538209
252380,0,42.52888831,7.044459269,35.52946306,0.9995297,-0.027016577,0.014508044,0.026618689,0.999282268,0.026951706,-0.015225774,-0.026552845,0.999531451
252380,0,42.59878575,6.897121039,35.73492194,0.999467927,-0.028468706,0.015918421,0.028063252,0.999289991,0.025138952,-0.016622792,-0.024678854,0.99955722
252410,0,42.52205682,7.005929319,35.59855775,0.999512459,-0.027544908,0.014701121,0.027175465,0.999323874,0.024764671,-0.015373322,-0.024353087,0.999585208
252410,0,42.52630811,7.043193465,35.52276303,0.99953111,-0.026913058,0.014602978,0.026520779,0.999299001,0.026422612,-0.015303855,-0.02602294,0.999544195
252440,0,42.52151945,7.02004506,35.60607253,0.99951048,-0.027369303,0.015156596,0.026983301,0.999320416,0.025111907,-0.015833592,-0.024690639,0.999569742
252440,0,42.54112317,6.962544148,35.68753558,0.999470156,-0.028392107,0.015915232,0.027975117,0.999274633,0.025837982,-0.016637283,-0.025379061,0.999539446
252470,0,42.54072972,6.866588183,35.8026626,0.999455178,-0.028637607,0.016408346,0.028236152,0.999308374,0.024196964,-0.017089941,-0.023720472,0.999572545
252470,0,42.56518034,6.901170417,35.74533698,0.999464614,-0.028497734,0.01607372,0.028089236,0.99929045,0.025091651,-0.01677737,-0.024626719,0.999555924
252500,0,42.59862276,6.845652269,35.8393276,0.999449307,-0.028748765,0.016570784,0.028349949,0.999314214,0.023819771,-0.017244209,-0.023336873,0.999578925
252501,0,42.53533065,7.06264976,35.56811965,0.999522459,-0.027234087,0.014599948,0.026850844,0.999305614,0.025832567,-0.015293336,-0.02542821,0.999559663
252530,0,42.50817327,6.973312256,35.70607856,0.999473137,-0.028240234,0.015998063,0.027817977,0.999274062,0.026028995,-0.016721514,-0.025570248,0.999533168
252530,0,42.55472224,6.862477407,35.80371714,0.999446608,-0.02888438,0.016497606,0.028466098,0.999280836,0.025049801,-0.01720929,-0.024566316,0.999550067
252560,0,42.52695587,6.89007596,35.81912874,0.99946342,-0.028401208,0.016316945,0.02801206,0.999328901,0.023602375,-0.01697633,-0.023132639,0.999588258
252560,0,42.50048685,7.027457161,35.54672102,0.999508625,-0.027554561,0.014941695,0.027156794,0.999287757,0.02620089,-0.015653007,-0.025782247,0.999545026
252590,0,42.54833635,7.051185672,35.52830388,0.999523106,-0.0273288,0.014376995,0.026943809,0.999290313,0.026323022,-0.015086169,-0.025923097,0.999550099
252590,0,42.53410444,6.923344693,35.70411352,0.999452812,-0.028652407,0.016526253,0.028202841,0.999242269,0.026823255,-0.017282281,-0.02634249,0.999503575
252620,0,42.58938384,6.88899515,35.80964129,0.999461998,-0.028595372,0.016062999,0.028209636,0.999319892,0.023748059,-0.016731159,-0.023282151,0.99958892
252621,0,42.54668937,7.015116264,35.58877795,0.99951368,-0.027310146,0.015051894,0.026929189,0.999325773,0.024956312,-0.015723306,-0.02453884,0.999575221
252650,0,42.50133857,6.930956513,35.75999456,0.999464556,-0.028557664,0.015970608,0.028171982,0.999317943,0.02387442,-0.016641513,-0.023411713,0.999587391
252651,0,42.50626305,6.979043143,35.70166727,0.999472763,-0.028240093,0.016021671,0.027825214,0.999286163,0.025552331,-0.016731835,-0.025093052,0.999545089
252680,0,42.51750106,7.023133668,35.65059753,0.999511768,-0.027379452,0.015052968,0.02701424,0.999348051,0.023952122,-0.01569895,-0.023533783,0.999599772
252680,0,42.48929489,7.074700229,35.50412574,0.999511966,-0.027404843,0.014993494,0.026984054,0.999255274,0.027581863,-0.015738205,-0.027163817,0.999507097
252710,0,42.48338951,7.049793634,35.53481248,0.999509814,-0.027503618,0.014956007,0.027103561,0.999285964,0.026324109,-0.015669336,-0.025905845,0.999541574
252710,0,42.53474632,7.042880184,35.50845835,0.999511453,-0.027426879,0.014987412,0.027003758,0.999250359,0.02774016,-0.015737003,-0.027321891,0.999502807
252740,0,42.54525022,6.881315365,35.78205226,0.999457077,-0.028716055,0.016153621,0.02832072,0.999306107,0.024191766,-0.016837104,-0.023721149,0.99957682
252740,0,42.51161444,6.92023374,35.73243868,0.999467936,-0.028375123,0.016084039,0.027973621,0.999304414,0.024661009,-0.016772611,-0.024197959,0.999566475
252770,0,42.52336728,6.913112354,35.71938748,0.999451298,-0.028787388,0.016382613,0.028360647,0.999267056,0.025710386,-0.01711074,-0.025231657,0.999535185
252770,0,42.49864084,6.954040185,35.67344242,0.999464744,-0.028418489,0.016205411,0.02798259,0.999256585,0.026518916,-0.016946991,-0.026051253,0.999516949
252800,0,42.55215195,6.871133415,35.81558844,0.999451332,-0.028699293,0.016534377,0.02830132,0.999315574,0.023820565,-0.017206693,-0.023339551,0.999579509
252800,0,42.53724296,6.937784686,35.71902744,0.999452406,-0.028920447,0.016077816,0.028503692,0.999266522,0.025572579,-0.016805593,-0.025100299,0.999543669
252830,0,42.44181532,6.964934158,35.60052832,0.999530616,-0.026686744,0.015045457,0.026323566,0.99936914,0.02384096,-0.015672203,-0.02343372,0.999602542
252830,0,42.5632939,6.862569265,35.70928606,0.999453695,-0.028749548,0.016302582,0.028303679,0.999235987,0.026950766,-0.017064949,-0.02647462,0.999503818
252860,0,42.53074792,7.019855783,35.60771489,0.999508787,-0.027494476,0.015041228,0.027102478,0.999302946,0.025672521,-0.015736596,-0.025252256,0.999557244
252860,0,42.51874778,7.021702088,35.60849527,0.999515431,-0.027371136,0.014823068,0.026998182,0.999327763,0.024801619,-0.015491952,-0.024389405,0.999582491
252890,0,42.53511219,6.938845437,35.67584774,0.999472188,-0.028317667,0.015920277,0.027887515,0.999256521,0.026621264,-0.016662293,-0.026163236,0.999518811
252890,0,42.53670395,6.912019978,35.70939038,0.999451354,-0.028883495,0.016209069,0.028446148,0.99924153,0.02659289,-0.016964871,-0.026117215,0.999514924
252920,0,42.46961653,6.930366045,35.75627264,0.999462684,-0.028611295,0.015991805,0.02822539,0.99931684,0.023857505,-0.016663474,-0.023393311,0.999587456
252920,0,42.50943327,7.023052241,35.64255746,0.999512042,-0.027568315,0.014685599,0.027207466,0.999336126,0.024229363,-0.015343813,-0.023817982,0.999598555
252950,0,42.52796569,6.927813293,35.73815848,0.999461184,-0.028528962,0.01623081,0.028104006,0.999271122,0.025833879,-0.016955994,-0.025363808,0.999534477
252950,0,42.48659715,6.878310395,35.68798371,0.999455957,-0.028458916,0.016669719,0.028022129,0.999272364,0.025874734,-0.017393956,-0.025393536,0.999526197
252980,0,42.55939795,6.866418039,35.84429006,0.999449895,-0.028731355,0.016565521,0.028325805,0.999305341,0.024217417,-0.017249813,-0.023734863,0.999569457
252980,0,42.5299828,7.057719426,35.51603588,0.999518974,-0.027347823,0.014625941,0.026945279,0.999270977,0.027045629,-0.015354917,-0.026638519,0.999527196
253010,0,42.52693212,7.034424639,35.51548126,0.999519598,-0.027361607,0.014557296,0.026961145,0.999271002,0.027028882,-0.015286238,-0.026623416,0.999528651
253010,0,42.55811821,6.926671281,35.71600273,0.999453933,-0.028686926,0.016398028,0.02824795,0.999252201,0.026402498,-0.017143172,-0.02592487,0.99951689
253040,0,42.54910342,7.062967582,35.5160102,0.999516677,-0.02747704,0.014540463,0.027067295,0.999250764,0.027663535,-0.015289681,-0.027256594,0.999511533
253040,0,42.49849142,7.053252923,35.52811544,0.9995143,-0.027543708,0.014577655,0.02715006,0.999278845,0.026545514,-0.015298304,-0.026136837,0.999541309
253070,0,42.54127606,6.916205117,35.70145629,0.999473539,-0.028263401,0.015931886,0.027838248,0.999266297,0.026303975,-0.016663636,-0.025846611,0.999527026
253071,0,42.53615755,7.050586707,35.53620741,0.999517282,-0.027329877,0.014774301,0.026921064,0.999267569,0.027195239,-0.015506722,-0.026784372,0.999520955
253100,0,42.43493157,6.914021323,35.67196358,0.999470407,-0.02812153,0.016373283,0.027691523,0.999280346,0.025922359,-0.017090477,-0.02545523,0.999529863
253100,0,42.5529454,6.843009072,35.81616036,0.999457496,-0.028533949,0.016447706,0.028142787,0.999326645,0.023542292,-0.017108385,-0.023066636,0.999587532
253130,0,42.54538349,6.886916618,35.81845654,0.999446881,-0.028989785,0.016294928,0.028578985,0.999281313,0.024901794,-0.017005115,-0.024422328,0.99955709
253130,0,42.52200827,7.063142767,35.52840024,0.999516307,-0.027434177,0.014646423,0.027039835,0.999283694,0.026475383,-0.015362262,-0.02606654,0.999542163
253160,0,42.47335094,6.974972784,35.69258829,0.999469385,-0.028419,0.015915683,0.028001681,0.999273403,0.025856777,-0.016638943,-0.025397391,0.999538953
253160,0,42.5178031,6.941786583,35.69197256,0.999474244,-0.02806514,0.016235261,0.027630732,0.9992698,0.026389583,-0.016964034,-0.025927117,0.999519888
253190,0,42.52167589,7.036567295,35.51863303,0.999515446,-0.02737373,0.014817309,0.026959336,0.99925877,0.027479167,-0.015558534,-0.027066387,0.999512553
253190,0,42.52781253,6.910169695,35.72221941,0.999457623,-0.028693267,0.016160312,0.028266848,0.999261586,0.026024362,-0.016895103,-0.025553446,0.999530678
253220,0,42.51658771,6.961153757,35.76275699,0.999472571,-0.028164402,0.016166237,0.027777464,0.999333608,0.023680212,-0.016822403,-0.023218665,0.999588866
253220,0,42.55840807,6.901389175,35.76712397,0.999449274,-0.028768045,0.016539294,0.028327345,0.999252935,0.026289426,-0.017283234,-0.025806433,0.999517543
253250,0,42.52208953,6.964036952,35.67495005,0.999472862,-0.028102763,0.016255228,0.027672354,0.999275646,0.026123257,-0.016977589,-0.025659666,0.999526559
253250,0,42.54448062,6.965372288,35.71503884,0.999463387,-0.02847878,0.01618322,0.028051165,0.999266657,0.026063001,-0.016913594,-0.025595057,0.999529301
253280,0,42.49500178,7.057600763,35.55290023,0.99951171,-0.027505449,0.01482538,0.027105387,0.999280148,0.026542129,-0.015544761,-0.026127321,0.999537755
253280,0,42.55363876,7.077595747,35.52800282,0.99951948,-0.027284125,0.014710058,0.026879878,0.999273654,0.027011776,-0.015436366,-0.026603391,0.999526877
253310,0,42.52313719,7.026503351,35.61321142,0.999506353,-0.027490264,0.015209695,0.027097281,0.999308344,0.025467046,-0.015899271,-0.025042333,0.999559951
253310,0,42.48897098,6.870790417,35.68391004,0.999450252,-0.028609451,0.016753877,0.028173686,0.999272806,0.025692464,-0.017476741,-0.025206321,0.999529492
253340,0,42.57469008,7.014970251,35.65786156,0.999516128,-0.027319238,0.014871723,0.026939733,0.999320704,0.025147191,-0.015548622,-0.024734383,0.999573134
253340,0,42.56599999,6.872529961,35.83746649,0.999441629,-0.02895618,0.016672422,0.028540536,0.999288644,0.024650424,-0.017374344,-0.02416082,0.999557095
